0148
0199
0200
0201
0249
0250
0251
0252
0253
0304
0351
0353
0354
0401
0404
0405
0451
0452
0453
0454
0455
0501
0503
0504
0505
0553
0554
0555
0556
0557
0604
0605
0606
0607
0655
0656
0657
0658
0659
0674
0675
0679
0707
0708
0732
0733
0734
0735
0736
0737
0781
0782
0783
0784
0785
0786
0787
0788
0808
0809
0810
0826
0827
0828
0829
0830
0831
0832
0833
0834
0835
0836
0837
0838
0839
0840
0857
0858
0859
0860
0861
0862
0878
0880
0881
0882
0883
0884
0885
0886
0887
0888
0889
0890
0891
0907
0910
0911
0912
0913
0933
0934
0935
0936
0937
0938
0939
0940
0941
0957
0958
0959
0960
0961
0962
0983
0984
0987
0988
0989
0990
0991
0992
0993
1009
1010
1036
1037
1040
1041
1042
1043
1062
1063
1064
1065
1076
1077
1078
1079
1080
1092
1093
1129
1130
1131
1132
1137
1143
1187
1188
1192
1240
1241
1242
1243
1244
1248
1277
1281
1282
1290
1291
1292
1293
1294
1295
1333
1341
1342
1343
1344
1345
1346
1393
1394
1395
1396
1397
1445
1446
1447
1495
1496
1544
1546
1547
1598
1599
1600